1111111111111111111111111111111
1000000011001110010100100000001
1011111011110100101010101111101
1010001011100111100100101000101
1010001010011111010111101000101
1010001011001000101111101000101
1011111010100101110011101111101
1000000010101010101010100000001
1111111110001111010101111111111
1100111011010111010100100101111
1010010111110100101110110011111
1000111010010010111110010111101
1010010110100001111100000001101
1000001010011010001010100001101
1110100100010110011010110100111
1000000001001101110001001100101
1010100111000100001011010001111
1011010000100101000001000000011
1111011110110010101011011110111
1001001010011111100101000111101
1111011101011100001111000101011
1001001001100001111000000001101
1111111110110110000010111011001
1000000011011010001100101010001
1011111011011100010100111001111
1010001011000001110100000000011
1010001011010111111101110100011
1010001010111101011001111010001
1011111010110110111011000001111
1000000011110110000111011001101
1111111111111111111111111111111
